[gd_scene load_steps=14 format=3 uid="uid://8hxje5j7yxfk"]

[ext_resource type="Script" uid="uid://c41eyqncs76rb" path="res://Assety/3D_Data/scripts/return_to_menu.gd" id="1_52jkb"]
[ext_resource type="Texture2D" uid="uid://b2wkdc3uc3lmd" path="res://gr/game_over.png" id="2_c2veg"]
[ext_resource type="PackedScene" uid="uid://b2n8egg4ij53t" path="res://3D/model/szkieletor2.glb" id="2_ydc5o"]
[ext_resource type="PackedScene" uid="uid://hcwg518wr4v2" path="res://3D/model/wizzard.glb" id="3_ax6i5"]
[ext_resource type="PackedScene" uid="uid://pp3m6gjbrx5t" path="res://3D/model/legio2.glb" id="3_ydc5o"]
[ext_resource type="PackedScene" uid="uid://tqp62dm7hlr7" path="res://3D/model/hero.glb" id="5_i04nx"]
[ext_resource type="AudioStream" uid="uid://bbfmyjqc56bxy" path="res://music/soundtrack/Battle.mp3" id="6_ax6i5"]

[sub_resource type="Environment" id="Environment_guu0x"]
ambient_light_source = 1
ambient_light_color = Color(0.568973, 0.568973, 0.568973, 1)

[sub_resource type="CameraAttributesPractical" id="CameraAttributesPractical_foy7m"]

[sub_resource type="Animation" id="Animation_ax6i5"]
length = 0.001
tracks/0/type = "value"
tracks/0/imported = false
tracks/0/enabled = true
tracks/0/path = NodePath("Node3D/StaticBody3D:visible")
tracks/0/interp = 1
tracks/0/loop_wrap = true
tracks/0/keys = {
"times": PackedFloat32Array(0),
"transitions": PackedFloat32Array(1),
"update": 1,
"values": [true]
}
tracks/1/type = "value"
tracks/1/imported = false
tracks/1/enabled = true
tracks/1/path = NodePath("Node3D/napisy:position")
tracks/1/interp = 1
tracks/1/loop_wrap = true
tracks/1/keys = {
"times": PackedFloat32Array(0),
"transitions": PackedFloat32Array(1),
"update": 0,
"values": [Vector3(-0.932967, -3.28375, -3.66657)]
}

[sub_resource type="Animation" id="Animation_ydc5o"]
resource_name = "anim"
tracks/0/type = "value"
tracks/0/imported = false
tracks/0/enabled = true
tracks/0/path = NodePath("Node3D/StaticBody3D:visible")
tracks/0/interp = 1
tracks/0/loop_wrap = true
tracks/0/keys = {
"times": PackedFloat32Array(0, 1),
"transitions": PackedFloat32Array(1, 1),
"update": 1,
"values": [false, true]
}

[sub_resource type="Animation" id="Animation_i04nx"]
resource_name = "napisy"
length = 10.0
tracks/0/type = "value"
tracks/0/imported = false
tracks/0/enabled = true
tracks/0/path = NodePath("Node3D/napisy:position")
tracks/0/interp = 1
tracks/0/loop_wrap = true
tracks/0/keys = {
"times": PackedFloat32Array(2, 8),
"transitions": PackedFloat32Array(1, 1),
"update": 0,
"values": [Vector3(-0.932967, -3.28375, -3.66657), Vector3(-1.15649, 4.60094, -3.66657)]
}

[sub_resource type="AnimationLibrary" id="AnimationLibrary_ax6i5"]
_data = {
&"RESET": SubResource("Animation_ax6i5"),
&"anim": SubResource("Animation_ydc5o"),
&"napisy": SubResource("Animation_i04nx")
}

[node name="ExplorationDemoEnd" type="CanvasLayer"]
script = ExtResource("1_52jkb")

[node name="WorldEnvironment" type="WorldEnvironment" parent="."]
environment = SubResource("Environment_guu0x")
camera_attributes = SubResource("CameraAttributesPractical_foy7m")

[node name="Node3D" type="Node3D" parent="."]

[node name="Camera3D" type="Camera3D" parent="Node3D"]
transform = Transform3D(1, 0, 0, 0, 1, 0, 0, 0, 1, -1.18792, 0.566817, 0)

[node name="Sprite3D" type="Sprite3D" parent="Node3D"]
transform = Transform3D(11.2408, 0, 0, 0, 11.2408, 0, 0, 0, 11.2408, -0.00174856, 0, -17.1318)
modulate = Color(0, 0, 0, 1)
texture = ExtResource("2_c2veg")

[node name="StaticBody3D" type="StaticBody3D" parent="Node3D"]

[node name="SpotLight3D" type="SpotLight3D" parent="Node3D/StaticBody3D"]
transform = Transform3D(1, 0, 0, 0, 1, 0, 0, 0, 1, 1.84048, 0.572664, 0)
light_color = Color(1, 0, 0, 1)
spot_range = 6.51214
spot_angle = 32.8902

[node name="SpotLight3D2" type="SpotLight3D" parent="Node3D/StaticBody3D"]
transform = Transform3D(1, 0, 0, 0, 1, 0, 0, 0, 1, -2.06846, 1.14533, 0)
light_color = Color(1, 0, 0, 1)
spot_range = 6.51214
spot_angle = 32.8902

[node name="SpotLight3D3" type="SpotLight3D" parent="Node3D/StaticBody3D"]
transform = Transform3D(0.854912, 0, -0.518773, 0, 1, 0, 0.518773, 0, 0.854912, -0.230174, 1.14533, -3.94394)
light_color = Color(1, 0, 0, 1)
spot_range = 13.9595
spot_angle = 32.8902

[node name="SpotLight3D4" type="SpotLight3D" parent="Node3D/StaticBody3D"]
transform = Transform3D(0.683796, 0, 0.729673, 0, 1, 0, -0.729673, 0, 0.683796, -0.0327156, 1.08405, -7.43508)
light_color = Color(1, 0, 0, 1)
spot_range = 13.9595
spot_angle = 32.8902

[node name="legio2" parent="Node3D/StaticBody3D" instance=ExtResource("3_ydc5o")]
transform = Transform3D(-0.802963, 0, -0.596029, 0, 1, 0, 0.596029, 0, -0.802963, -2.50603, -2.48245, -5.9483)

[node name="legio2" parent="Node3D/StaticBody3D/legio2" instance=ExtResource("3_ydc5o")]
transform = Transform3D(-0.802963, 0, -0.596029, 0, 1, 0, 0.596029, 0, -0.802963, -4.31499, 0.248188, -3.51128)

[node name="legio3" parent="Node3D/StaticBody3D/legio2" instance=ExtResource("3_ydc5o")]
transform = Transform3D(-0.802963, 0, -0.596029, 0, 1, 0, 0.596029, 0, -0.802963, -4.88988, 0.257066, -1.29104)

[node name="legio4" parent="Node3D/StaticBody3D/legio2" instance=ExtResource("3_ydc5o")]
transform = Transform3D(-0.802963, 0, -0.596029, 0, 1, 0, 0.596029, 0, -0.802963, -5.83505, 0.443238, 0.733052)

[node name="legio5" parent="Node3D/StaticBody3D/legio2" instance=ExtResource("3_ydc5o")]
transform = Transform3D(-0.802963, 0, -0.596029, 0, 1, 0, 0.596029, 0, -0.802963, -6.58886, 0.686822, 2.62297)

[node name="legio6" parent="Node3D/StaticBody3D/legio2" instance=ExtResource("3_ydc5o")]
transform = Transform3D(0.99929, 0, 0.0376728, 0, 1, 0, -0.0376728, 0, 0.99929, -5.09779, 0.248188, 5.94441)

[node name="legio7" parent="Node3D/StaticBody3D/legio2" instance=ExtResource("3_ydc5o")]
transform = Transform3D(0.99929, 0, 0.0376728, 0, 1, 0, -0.0376728, 0, 0.99929, -3.36836, 0.257066, 4.43807)

[node name="legio8" parent="Node3D/StaticBody3D/legio2" instance=ExtResource("3_ydc5o")]
transform = Transform3D(0.99929, 0, 0.0376728, 0, 1, 0, -0.0376728, 0, 0.99929, -1.44441, 0.443238, 3.30286)

[node name="legio9" parent="Node3D/StaticBody3D/legio2" instance=ExtResource("3_ydc5o")]
transform = Transform3D(0.99929, 0, 0.0376728, 0, 1, 0, -0.0376728, 0, 0.99929, 0.245838, 0.686822, 2.17014)

[node name="hero" parent="Node3D/StaticBody3D" instance=ExtResource("5_i04nx")]
transform = Transform3D(-0.5, 0, -0.866025, 0, 1, 0, 0.866025, 0, -0.5, 2.07502, -1, -3.88359)

[node name="szkieletor2" parent="Node3D/StaticBody3D" instance=ExtResource("2_ydc5o")]
transform = Transform3D(-0.27789, 0, -0.521603, 0, 0.59101, 0, 0.521603, 0, -0.27789, -2.88918, -0.686147, -2.17)

[node name="wizzard" parent="Node3D/StaticBody3D" instance=ExtResource("3_ax6i5")]
transform = Transform3D(-0.478769, 0, -0.877941, 0, 1, 0, 0.877941, 0, -0.478769, -4.07866, -1.36858, -5.4615)

[node name="Label3D" type="Label3D" parent="Node3D"]
transform = Transform3D(1, 0, 0, 0, 1, 0, 0, 0, 1, -0.932967, 1.36641, -3.66657)
text = "Dziękujemy za spędzenie, bądź co bądź,
krótkiego czasu z prologiem historii Zbysława,
ale liczymy na to ,że pomimo napotkanych błędów,
dobrze się bawiłeś.


Studenci Którzy wykonali Projekt:
Natalia Węgrzyńska
Patryk krzysztofik
Bartosz Kuśmierz"

[node name="napisy" type="Label3D" parent="Node3D"]
transform = Transform3D(3.3993, 0, 0, 0, 3.3993, 0, 0, 0, 3.3993, -0.932967, -3.28375, -3.66657)
text = "I tak oto wielki Zbysław
pokonał nikczemną wiedźmę.




Ale czy udało mu się uratować świat?



Dowiemy się w następnych semestrach,
na następnych projektach."

[node name="AudioStreamPlayer" type="AudioStreamPlayer" parent="Node3D"]
stream = ExtResource("6_ax6i5")
volume_db = -15.0
autoplay = true

[node name="AnimationPlayer" type="AnimationPlayer" parent="Node3D"]
root_node = NodePath("../..")
libraries = {
&"": SubResource("AnimationLibrary_ax6i5")
}
